lrf_pos=[
    -0.15,-0.18;	%01
    -0.92,-0.39;    %02
    -1.93,-0.03;    %03
    -2.90,0.04;     %04
    -3.91,0.049;    %05
    -4.88,0.058;    %06
    -5.91,0.065;    %07
    -6.89,0.058;    %08
    -7.89,0.042;    %09
    -8.927,0.05;    %10
    -9.91,0.052;    %11
    0.005,-0.983;   %12
    -0.972,-1.001;  %13
    -1.951,-0.984;  %14
    -2.942,0.996;   %15
    -3.958,-0.973;  %16
    -4.948,-0.980;  %17
    -5.940,-0.984;  %18
    -6.963,-0.976;  %19
    -7.959,-0.958;  %20
    -8.947,-0.968;  %21
    -9.985,-0.927;  %22
    0.014,-1.980;   %23
    -0.947,-1.989;  %24
    -1.923,-2.001;  %25
    -2.956,-1.966;  %26
    -3.949,-1.960;  %27
    -4.942,-1.961;  %28
    -5.921,-1.973;  %29
    -6.986,-1.958;  %30
    -7.983,-1.944;  %31
    -8.955,-1.934;  %32
    -9.981,-1.907;  %33
    -0.021,-3.016;  %34
    -0.945,-3.016;  %35
    -1.934,-3.009;  %36
    -2.974,-2.993;  %37
    -3.986,-2.988;  %38
    -4.962,-2.960;  %39
    -5.957,-2.964;  %40
    -6.947,-2.971;  %41
    -7.965,-2.981;  %42
    -8.930,-2.969;  %43
    -9.966,-2.973;  %44
    0.020,-3.998;   %45 
    -0.999,-3.995;  %46
    -1.991,-3.983;  %47
    -2.996,-3.965;  %48
    -3.964,-3.941;  %49
    -5.024,-3.927;  %50
    -5.983,-3.955;  %51
    -6.988,-3.981;  %52
    -7.974,-3.967;  %53
    -9.007,-3.965;  %54
    -9.980,-3.947;  %55
    0.009,-4.984;   %56
    -1.005,-5.002;  %57
    -1.991,-5.014;  %58 
    -2.986,-5.000;  %59
    -3.958,-4.994;  %60
    -4.983,-4.975;  %61
    -5.983,-4.962;  %62
    -6.996,-4.949;  %63
    -7.972,-4.947;  %64
    -8.982,-4.949;  %65
    -9.967,-4.946;  %66
    -0.043,-5.976;  %67
    -1.094,-5.997;  %68
    -2.051,-5.965;  %69
    -3.053,-5.945;  %70
    -4.049,-5.963;  %71
    -5.028,-5.953;  %72
    -5.992,-5.947;  %73
    -7.037,-5.932;  %74
    -8.059,-5.936;  %75
    -9.020,-5.949;  %76
    -10.022,-5.951; %77
    ]